{
  "ratio": 2.414213562373095,
  "timestamp": 1767990567.5446491,
  "vibration": 0.22958787913231968
}