{
  "ratio": 1.618033988749895,
  "timestamp": 1767990567.6431017,
  "vibration": 0.4396259642427015
}