{
  "ratio": 1.618033988749895,
  "timestamp": 1767990567.5949342,
  "vibration": 0.48949959873982496
}