{
  "ratio": 1.618033988749895,
  "timestamp": 1767990567.6818516,
  "vibration": 0.22649975748719697
}