{
  "ratio": 2.414213562373095,
  "timestamp": 1767990567.720114,
  "vibration": 0.4220751566090083
}